1111111100111001
0100000000110101
0001000000111001
0000000101011010
1000000000110101
1111111100111001
0100000000110101
0000000101011011
1000000000110101
1000000001010101
0001001000111001
0100000000110101
0011010000111001
1111111101011001
0100000001010101
0010000001011001
0000001000111011
1000000000110101
0101011000111001
0100000000110101
0111100000111001
0000001000111011
1000000000110101
1000000001010101
0101001100111001
1111111101011001
0100000001010101
0011000001011001
0000001000111011
1000000000110101
1000000001010101
0101001100111001
1111111101011001
0100000001010101
0100000001011001
0000001000111011
1000000000110101
1000000001010101
0000000000111001
0000000101011001
0000000101011011
0000000100111001
0000001001011001
0000000101011011
0000000100111001
0000001001011001
0000000101011011
1000000000110101
0000000101111010
0000000100111001
0000000110011010
0000000100111001
0000000110111010
1000000000110101
1000000001010101
1000000001110101
1000000010010101
1000000010110101
0000000000000000
0000000000000000
0000000000000000
0000000000000000
